b
44
北门 0 7
学十一公寓 -4 6
热力中心 2 6
学六公寓 4 6
学九公寓 -4 5
新食堂 -2 5
活动中心 2 5
澡堂 4 5
科技大厦 -6 4
路口 0 4
学八公寓 -4 3
学五公寓 -2 3
学苑超市 2 3
学苑餐厅 4 3
学生食堂 6 3
学十三公寓 -6 2
学三公寓 -4 2
学四公寓 -2 2
小松林 2 2
学一公寓 -4 1
学二公寓 -2 1
时光广场 2 1
图书馆 4 1
篮球场 6 1
排球场 8 1
路口 0 0
财务处 2 0
邮局 -6 -1
教四楼 -3 -1
教一楼 3 -1
体育馆 6 -1
游泳馆 8 -1
主席像 -2 -2
音乐喷泉 2 -2
车库 -6 -3
路口 0 -3
主楼 4 -3
科学会堂 6 -3
教三楼 -3 -4
教二楼 3 -4
校医院 -3 -5
家属区 5 -5
路口 0 -6
南门 2 -7
97
1 2 412 0.6 1
1 3 223 0.7 1
1 4 412 0.9 1
1 6 282 0.5 1
1 10 300 0.9 1
2 3 600 0.9 1
2 5 100 0.8 1
2 6 223 0.8 1
2 9 282 0.7 1
3 4 200 0.9 1
3 7 100 0.5 1
3 10 282 0.5 1
4 8 100 0.6 1
4 15 360 0.7 1
5 6 200 0.6 1
5 9 223 0.6 1
5 11 200 0.5 1
6 10 223 0.7 1
6 12 200 0.7 1
7 8 200 0.6 1
7 10 223 0.6 1
7 13 200 0.9 1
8 14 200 0.7 1
8 15 282 0.8 1
9 11 223 0.7 1
9 16 200 0.7 1
10 12 223 0.6 1
10 13 223 0.6 1
10 26 400 0.8 1
11 12 200 0.5 1
11 17 100 0.7 1
12 18 100 0.6 1
13 14 200 0.6 1
13 19 100 0.8 1
14 15 200 0.9 1
14 19 223 0.7 1
14 22 282 0.7 1
14 24 282 0.9 1
15 23 282 0.5 1
15 24 200 0.9 1
16 17 200 0.8 1
16 28 300 0.6 1
17 18 200 0.7 1
17 20 100 0.8 1
18 19 400 0.8 1
18 21 100 0.9 1
19 22 100 0.6 0
19 23 223 0.6 1
20 21 200 0.8 1
20 28 282 0.8 1
20 29 223 0.7 1
21 22 400 0.9 1
21 26 223 0.7 1
21 29 223 0.7 1
22 23 200 0.7 1
22 26 223 0.9 1
22 27 100 0.8 1
23 24 200 0.6 1
23 30 223 0.9 1
23 31 282 0.8 1
24 25 200 0.6 0
26 27 200 0.5 1
26 29 316 0.5 1
26 30 316 0.7 1
26 33 282 0.8 1
26 34 282 0.6 1
26 36 300 0.5 1
27 30 141 0.7 0
28 29 300 0.9 1
28 35 200 0.8 1
29 33 141 0.6 1
30 31 300 0.5 1
30 34 141 0.5 0
30 37 223 0.9 1
31 32 200 0.5 0
31 37 282 0.5 1
31 38 200 0.6 1
33 34 400 0.6 1
33 35 412 0.8 1
33 36 223 0.8 1
33 39 223 0.9 1
34 36 223 0.8 1
34 37 223 0.9 1
35 39 316 0.9 1
36 37 400 0.6 1
36 39 316 0.5 1
36 40 316 0.6 1
36 43 300 0.6 1
37 38 200 0.6 1
37 40 141 0.8 1
38 42 223 0.9 0
39 41 100 0.9 1
40 42 223 0.6 1
40 44 316 0.8 1
41 43 316 0.7 1
42 44 360 0.8 1
43 44 223 0.8 1