s
40
西门 0 0
快递站 0 1
足球场 2 3
网球场 2 1
篮球场1 4 4
篮球场2 4 3 
篮球场3 4 2
排球场 4 1
甲子钟 5 0
宿舍楼1 6 3
地下超市 6 1
信息楼 6 -1
洗衣房 8 3
宿舍楼2 8 1
宿舍楼3 8 -1
宿舍楼4 8 -2
宿舍楼5 8 -3
宿舍楼6 8 -4
教师食堂 10 3
学生食堂 10 1
超市 12 2
南区食堂 12 -4
人工湖 13 -2
医务室 14 4
办公楼 14 3 
邮局 14 2
活动中心 14 1
南门 14 -5
图书馆 16 1
综合楼N 16 -1
报告厅 16 -2
综合楼S 16 -3
东配楼 17 3
咖啡馆 17 2
学院楼1 20 3
学院楼2 20 2
学院楼3 20 1
教学楼S1 20 -1
实验楼S2 20 -3
实验楼S3 20 -4
68
1 2 100 0.6 1
1 9 500 0.8 1
3 4 200 0.7 0
3 6 200 0.9 0
4 8 200 0.5 0
5 6 100 0.9 0
5 10 223 0.9 1
5 24 1000 0.8 1
6 7 100 0.8 0
7 8 100 0.7 0
8 9 141 0.9 1
8 11 200 0.5 1
9 11 141 0.5 1
9 12 141 0.6 1
10 11 200 0.7 1
10 13 200 0.6 1
10 14 282 0.6 0
11 13 282 0.5 0
11 14 200 0.7 1
12 15 200 0.7 1
12 18 360 0.6 0
13 14 200 0.6 1
13 19 200 0.9 1
14 15 200 0.7 1
14 20 200 0.8 1
15 16 100 0.7 1
15 30 800 0.7 1
16 17 100 0.6 1
16 23 500 0.6 0
17 18 100 0.8 1
17 32 800 0.5 1
18 22 400 0.7 1
19 20 200 0.6 1
19 21 223 0.6 1
19 24 412 0.8 1
19 25 400 0.9 1
20 21 223 0.7 1
20 27 400 0.7 1
21 25 223 0.9 1
21 26 200 0.5 1
21 27 223 0.9 1
22 28 223 0.8 1
23 28 316 0.6 1
23 31 300 0.7 0
24 25 100 0.8 1
24 33 316 0.8 1
25 26 100 0.9 1
25 29 282 0.6 1
25 33 300 0.6 1
25 34 316 0.8 1
26 27 100 0.8 0
27 28 600 0.7 1
27 29 200 0.9 1
28 32 282 0.7 1
29 30 200 0.7 1
29 34 141 0.7 1
29 37 400 0.9 1
30 31 100 0.8 0
30 38 400 0.6 1
31 32 100 0.9 0
32 39 400 0.8 1
32 40 412 0.6 1
33 34 100 0.5 1
35 36 100 0.5 1
36 37 100 0.7 1
37 38 200 0.8 1
38 39 200 0.6 1
39 40 100 0.5 1